5.92968750 -1.97656250
-3.23876953 4.50366211
0.04382324 -4.12512207
1.19714355 2.02929688
-0.56164551 -0.59851074
-0.29809570 0.56250000
0.36035156 -0.99890137
-0.04064941 1.04052734
-0.08190918 -0.82958984
0.03466797 0.72460938
-0.04675293 -0.70104980
0.03161621 0.64184570
0.02954102 -0.70422363
0.08544922 0.88159180
-0.43261719 -0.86621094
0.61083984 0.53161621
-0.44494629 -0.31213379
0.38024902 0.46984863
-0.81896973 -0.51342773
1.25268555 -0.17492676
-0.78283691 1.20922852
-0.53796387 -1.44470215
1.51428223 0.45361328
-1.25195313 0.81372070
0.23706055 -1.19506836
0.39099121 0.68151855
-0.28210449 -0.15625000
-0.01647949 0.08654785
0.10729980 -0.17285156
-0.20092773 0.18676758
0.37768555 -0.40270996
-0.19482422 0.86022949
-0.49768066 -0.92016602
0.91943359 0.16967773
-0.29956055 0.61303711
-0.79174805 -0.26940918
0.89819336 -1.03808594
0.37426758 1.76306152
-1.67822266 -0.93566895
1.60046387 -0.55798340
-0.42700195 1.14318848
-0.40270996 -0.52893066
0.19006348 -0.18420410
0.37536621 0.10925293
-0.39270020 0.45654297
-0.16589355 -0.71691895
0.70288086 0.40161133
-0.81201172 0.15771484
0.54992676 -0.55078125
-0.21862793 0.62634277
0.07556152 -0.52770996
-0.11950684 0.55041504
0.02661133 -0.80664063
0.43249512 0.94848633
-0.93322754 -0.57592773
0.88964844 -0.08740234
-0.33935547 0.33007813
0.01098633 0.03173828
-0.29016113 -0.33081055
0.59423828 0.04296875
-0.29614258 0.34350586
-0.22424316 -0.08447266
0.10009766 -0.58984375
0.65454102 0.73779297
-1.12561035 -0.11608887
0.84741211 -0.50646973
-0.36853027 0.54614258
0.26293945 -0.34143066
-0.32519531 0.36865234
0.20153809 -0.46044922
-0.10266113 0.34851074
0.27514648 -0.35009766
-0.25976563 0.78015137
-0.44567871 -1.06860352
1.28576660 0.40307617
-1.10632324 0.86853027
-0.16430664 -1.38916016
1.21264648 0.56274414
-1.00219727 0.61193848
0.04589844 -0.88415527
0.44750977 0.27648926
-0.14416504 0.24487305
-0.31750488 -0.17004395
0.42211914 -0.17822266
-0.25207520 0.39428711
0.04003906 -0.42614746
0.13110352 0.31250000
-0.12829590 -0.08605957
-0.13269043 0.00170898
0.33557129 -0.31787109
-0.00659180 0.72644043
-0.65319824 -0.53149414
0.76879883 -0.30029297
0.03576660 0.82348633
-0.91430664 -0.28796387
0.80554199 -0.74279785
0.12622070 1.04553223
-0.68237305 -0.35339355
0.22204590 -0.32617188
0.56420898 0.08911133
-0.66186523 0.75866699
-0.00854492 -1.27416992
0.74365234 1.08654785
-1.07177734 -0.56652832
1.07202148 0.06701660
-0.83349609 0.37951660
0.25512695 -0.60876465
0.42468262 0.19970703
-0.43872070 0.80822754
-0.62316895 -1.48229980
1.97399902 0.86254883
-2.24731445 0.73840332
1.08251953 -1.86621094
0.35058594 1.53894043
-0.70007324 -0.37182617
-0.03393555 -0.23864746
0.68847656 -0.20532227
-0.45544434 0.91394043
-0.28027344 -0.97570801
0.66516113 0.40454102
-0.43200684 0.13439941
-0.02185059 -0.22668457
0.28710938 -0.00268555
-0.29003906 0.27270508
0.13293457 -0.44116211
0.08349609 0.45690918
-0.23657227 -0.31726074
0.22619629 0.14001465
-0.11718750 -0.07812500
0.07275391 0.12939453
-0.13269043 -0.14025879
0.16540527 0.04492188
-0.07763672 0.04833984
-0.05297852 -0.02490234
0.10559082 -0.08349609
-0.06188965 0.17456055
-0.01330566 -0.19677734
0.06665039 0.17114258
-0.08337402 -0.13122559
0.07055664 0.10852051
-0.05859375 -0.11608887
0.07995605 0.13244629
-0.12341309 -0.11706543
0.14807129 0.06396484
-0.12890625 0.00146484
0.06616211 -0.04345703
0.01794434 0.02612305
-0.05407715 0.06665039
-0.02929688 -0.14562988
0.15673828 0.07055664
-0.11267090 0.12963867
-0.15698242 -0.17822266
0.35974121 -0.09362793
-0.19909668 0.43249512
-0.16906738 -0.44335938
0.29858398 0.15625000
-0.10241699 -0.00903320
-0.02624512 0.19226074
-0.17724609 -0.36657715
0.44494629 0.20678711
-0.40808105 0.09155273
0.18334961 -0.15356445
-0.12402344 0.02099609
0.24084473 -0.01782227
-0.23010254 0.17419434
0.05566406 -0.19934082
-0.00830078 0.03747559
0.17773438 0.00634766
-0.24938965 0.19995117
0.04040527 -0.34924316
0.17272949 0.19665527
-0.08020020 0.02258301
-0.13476563 0.05383301
0.07507324 -0.32067871
0.25683594 0.35815430
-0.45727539 -0.05151367
0.30322266 -0.26745605
-0.00256348 0.30432129
-0.14965820 -0.13232422
0.12060547 -0.01953125
-0.03723145 0.07458496
-0.03344727 -0.06970215
0.08105469 0.01940918
-0.06457520 0.05114746
-0.01220703 -0.06689453
0.05834961 -0.00415039
-0.01281738 0.07861328
-0.06921387 -0.08044434
0.12304688 0.03588867
-0.15576172 0.02893066
0.15136719 -0.13940430
-0.02258301 0.25061035
-0.20288086 -0.19458008
0.28979492 -0.07482910
-0.07885742 0.30383301
-0.22180176 -0.22082520
0.25866699 -0.06042480
-0.02941895 0.15979004
-0.10449219 0.04321289
-0.08105469 -0.24328613
0.37036133 0.14221191
-0.43273926 0.16540527
0.23767090 -0.37011719
-0.01074219 0.35461426
-0.09558105 -0.22473145
0.08789063 0.09594727
0.00585938 -0.01525879
-0.14733887 0.04321289
0.21972656 -0.20751953
-0.11352539 0.38610840
-0.09289551 -0.40478516
0.20129395 0.27966309
-0.16979980 -0.19433594
0.15856934 0.22521973
-0.26110840 -0.23095703
0.34826660 0.09680176
-0.27331543 0.06433105
0.11096191 -0.07373047
-0.05883789 -0.05139160
0.16308594 0.11950684
-0.26574707 -0.02929688
0.22375488 -0.11413574
-0.07495117 0.14904785
-0.02380371 -0.04675293
-0.01440430 -0.07653809
0.12792969 0.09423828
-0.18322754 -0.00744629
0.12329102 -0.06665039
-0.03747559 0.02563477
0.05603027 0.08435059
-0.18859863 -0.11804199
0.30273438 0.00854492
-0.27758789 0.15454102
0.14538574 -0.22436523
-0.03723145 0.17321777
0.03161621 -0.09069824
-0.07995605 0.06616211
0.10571289 -0.09936523
-0.08630371 0.12951660
0.06250000 -0.12414551
-0.06896973 0.11352539
0.08874512 -0.13464355
-0.07775879 0.18310547
0.02233887 -0.21350098
0.03894043 0.19421387
-0.06384277 -0.13928223
0.03698730 0.08898926
0.02844238 -0.07531738
-0.10351563 0.13330078
0.12243652 -0.26513672
-0.02294922 0.40551758
-0.16357422 -0.44909668
0.32409668 0.37133789
-0.40197754 -0.26184082
0.46545410 0.17492676
-0.54943848 -0.02697754
0.52343750 -0.22656250
-0.27587891 0.41772461
-0.03234863 -0.33703613
0.10900879 0.08276367
0.02624512 0.01208496
-0.01757813 0.11303711
-0.28295898 -0.05944824
0.44494629 -0.47094727
0.05651855 1.09399414
-1.04663086 -1.06372070
1.68713379 0.20129395
-1.42932129 0.78369141
0.67407227 -1.10412598
-0.24438477 0.81616211
0.34204102 -0.63232422
-0.39282227 0.89733887
-0.03283691 -1.13122559
0.53186035 0.80285645
-0.43395996 -0.20263672
-0.15600586 0.12365723
0.40612793 -0.71582031
0.10168457 1.22058105
-0.78186035 -1.02026367
0.93798828 0.48022461
-0.76220703 -0.27124023
0.87023926 0.26330566
-1.11169434 0.18505859
0.68005371 -0.93737793
0.46691895 0.94213867
-1.11962891 0.24096680
0.30273438 -1.49768066
1.27929688 1.37756348
-1.97985840 0.06689453
1.16625977 -1.36767578
0.21044922 1.41894531
-0.93847656 -0.51599121
0.77514648 -0.39086914
-0.20410156 0.81896973
-0.37548828 -0.83020020
0.82360840 0.54333496
-0.98437500 -0.05798340
0.77282715 -0.34265137
-0.43908691 0.38684082
0.37561035 -0.20251465
-0.58264160 0.22924805
0.60363770 -0.59875488
-0.14892578 0.85400391
-0.37841797 -0.49560547
0.25012207 -0.24731445
0.63635254 0.47790527
-1.39245605 0.34826660
1.04577637 -1.60339355
0.25756836 2.07348633
-1.36608887 -1.36157227
1.49792480 0.27832031
-1.01806641 0.31176758
0.59472656 -0.45947266
-0.21630859 0.53686523
-0.31066895 -0.31469727
0.44458008 -0.48632813
0.44580078 1.10986328
-1.63757324 -0.42089844
1.52416992 -1.19018555
0.08691406 1.84130859
-1.33532715 -0.65734863
0.74194336 -0.82849121
0.69836426 0.74414063
-0.98193359 0.52160645
-0.04077148 -1.05517578
0.69543457 0.29882813
-0.14318848 0.36267090
-0.51635742 0.07983398
0.18188477 -0.79919434
0.58508301 0.65136719
-0.63586426 0.04663086
0.06335449 -0.18591309
0.09106445 -0.35424805
0.50488281 0.63549805
-1.07958984 -0.11291504
0.92309570 -0.70397949
-0.19531250 1.06188965
-0.48742676 -0.77368164
0.71325684 0.15539551
-0.44189453 0.35815430
-0.05358887 -0.44506836
0.32202148 0.13269043
-0.16186523 0.13647461
-0.05456543 -0.00109863
-0.14099121 -0.25463867
0.56677246 0.05712891
-0.55053711 0.55261230
-0.06970215 -0.85717773
0.63159180 0.47045898
-0.56701660 0.10644531
0.17504883 -0.22546387
-0.07897949 -0.00134277
0.29931641 0.01501465
-0.33984375 0.27551270
0.05749512 -0.43334961
0.16748047 0.26416016
-0.10424805 -0.08410645
0.00439453 0.12426758
-0.06176758 -0.17834473
0.06958008 0.10656738
0.07080078 -0.18298340
0.04492188 0.52429199
-0.65136719 -0.55749512
1.05065918 -0.20092773
-0.36840820 1.03747559
-0.84020996 -0.62658691
0.81652832 -0.88256836
0.95434570 1.41003418
-2.32861328 0.45703125
0.85815430 -2.94299316
2.61755371 2.65332031
-4.19995117 1.04943848
1.50805664 -4.56225586
3.07897949 3.98889160
-4.92382813 0.19787598
2.45935059 -3.70263672
1.32067871 3.42419434
-2.70788574 -0.58312988
1.28637695 -1.45922852
0.55224609 1.22216797
-0.96691895 0.02709961
0.31201172 -0.63806152
0.23022461 0.43005371
-0.29382324 -0.09313965
0.21093750 -0.06250000
-0.12792969 0.17626953
-0.04626465 -0.23791504
0.19592285 0.11987305
-0.12866211 0.00683594
0.04687500 0.12280273
-0.31579590 -0.28393555
0.73132324 -0.03515625
-0.59460449 0.74731445
-0.25097656 -1.00781250
0.94543457 0.30578613
-0.61816406 0.67248535
-0.39355469 -0.80505371
0.92028809 -0.00402832
-0.46569824 0.74108887
-0.25134277 -0.65551758
0.41235352 0.12988281
-0.11938477 0.10229492
-0.06140137 0.01367188
0.05603027 -0.08911133
-0.13012695 0.13024902
0.15454102 -0.39379883
0.23474121 0.63964844
-0.77661133 -0.31884766
0.71716309 -0.41027832
0.00134277 0.64611816
-0.43518066 -0.04833984
-0.05297852 -0.52612305
0.80749512 0.17675781
-0.76647949 0.75109863
-0.10913086 -1.18469238
0.93981934 0.72875977
-1.13000488 0.10546875
0.78027344 -0.79248047
-0.08813477 1.16625977
-0.80407715 -1.00488281
1.38342285 0.12780762
-1.01879883 0.94396973
-0.04833984 -1.21691895
0.70288086 0.49707031
-0.34313965 0.21386719
-0.30017090 -0.05163574
0.26281738 -0.55310059
0.28479004 0.65563965
-0.45971680 -0.24938965
0.14929199 0.15832520
-0.15063477 -0.58984375
0.83032227 0.74194336
-1.41088867 -0.02478027
1.04968262 -0.95739746
-0.02319336 1.17016602
-0.63134766 -0.48315430
0.43811035 -0.27941895
0.11889648 0.48327637
-0.45825195 -0.31213379
0.64172363 0.16687012
-0.92822266 0.06689453
1.06640625 -0.69189453
-0.54260254 1.38867188
-0.43640137 -1.37365723
0.90258789 0.58203125
-0.44628906 -0.03039551
0.03295898 0.45898438
-0.73547363 -1.02453613
1.92944336 0.28051758
-1.79956055 1.56555176
-0.09521484 -2.47839355
1.82604980 1.24035645
-1.46838379 0.69812012
-0.27624512 -0.97863770
0.96655273 -0.54833984
0.34716797 1.69226074
-2.00000000 -0.85607910
1.99743652 -1.03527832
-0.40368652 1.93115234
-1.06250000 -1.08068848
1.09606934 -0.46447754
0.09448242 1.24389648
-1.30102539 -0.70202637
1.47668457 -0.50927734
-0.62133789 1.18115234
-0.17822266 -0.75329590
-0.03674316 0.03613281
0.76965332 -0.24426270
-0.62121582 1.19970703
-0.58898926 -1.35119629
1.23132324 0.07055664
-0.13464355 1.08020020
-1.43249512 -0.38317871
1.31188965 -1.42529297
0.47631836 1.99206543
-1.68920898 -0.55895996
0.91418457 -1.07299805
0.74890137 1.10217285
-1.47729492 0.14221191
0.97253418 -1.18029785
-0.14550781 1.39099121
-0.40893555 -1.12036133
0.66198730 0.66101074
-0.49902344 -0.14648438
-0.08264160 0.04003906
0.43444824 -0.63806152
0.09851074 1.29284668
-1.04174805 -1.03442383
1.22949219 0.00537109
-0.39685059 0.59887695
-0.42492676 -0.13635254
0.35485840 -0.67956543
0.27429199 0.91235352
-0.63549805 -0.58618164
0.59265137 0.31677246
-0.57031250 -0.25964355
0.65393066 0.07348633
-0.47326660 0.27502441
-0.05017090 -0.32788086
0.40441895 -0.14416504
-0.16076660 0.67053223
-0.35607910 -0.64685059
0.43566895 0.18640137
0.04675293 -0.01428223
-0.42236328 0.47949219
0.17810059 -1.01831055
0.21411133 1.00122070
0.02246094 -0.86901855
-0.48962402 1.68920898
-0.33044434 -3.34118652
3.01452637 3.92272949
-5.74328613 -1.81433105
