0000
0000
0000
0000
0000
0000
0000
0000
0000
0000
0000
0000
0000
0000
0000
0000
0000
0000
0000
0000
0000
0000
0000
0000
0000
0000
0000
0000
0000
0000
0000
0000
0000
0000
0000
0000
0000
0000
0000
0000
0000
0000
0000
0000
0000
0000
0000
0000
0000
0000
0000
0000
0000
0000
0000
0000
0000
0000
0000
0000
0000
0000
0000
0000
0000
0000
0000
0000
0000
0000
0000
0000
0000
0000
0000
0000
0000
0000
0000
0000
0000
0000
0000
0000
0000
0000
0000
0000
0000
0000
0000
0000
0000
0000
0000
0000
0000
0000
0000
0000
0000
0000
0000
0000
0000
0000
0000
0000
0000
0000
0000
0000
0000
0000
0000
0000
0000
0000
0000
0000
0000
0000
0000
0000
0000
0000
0000
0000
0000
0121
0240
035C
0476
058D
06A2
07B4
08C4
09D1
0ADB
0BE3
0CE8
0DEB
0EEA
0FE7
10E1
11D9
12CD
13BF
14AE
159A
1683
1769
184D
192D
1A0B
1AE6
1BBE
1C93
1D65
1E34
1F00
1FCA
2091
2155
2216
22D4
238F
2448
24FE
25B1
2661
270E
27B9
2861
2906
29A8
2A48
2AE5
2B7F
2C17
2CAC
2D3E
2DCE
2E5B
2EE6
2F6E
2FF3
3076
30F7
3175
31F0
3269
32E0
3354
33C6
3435
34A2
350C
3575
35DB
363E
36A0
36FF
375C
37B6
380F
3865
38B9
390B
395B
39A9
39F5
3A3E
3A86
3ACB
3B0F
3B51
3B90
3BCE
3C09
3C43
3C7B
3CB1
3CE5
3D18
3D48
3D77
3DA4
3DCF
3DF8
3E20
3E46
3E6A
3E8D
3EAD
3ECD
3EEA
3F06
3F21
3F3A
3F51
3F67
3F7B
3F8E
3F9F
3FAF
3FBD
3FCA
3FD6
3FE0
3FE8
3FF0
3FF6
3FFA
3FFD
3FFF
0000
0000
0000
0000
0000
0000
0000
0000
0000
0000
0000
0000
0000
0000
0000
0000
0000
0000
0000
0000
0000
0000
0000
0000
0000
0000
0000
0000
0000
0000
0000
0000
0000
0000
0000
0000
0000
0000
0000
0000
0000
0000
0000
0000
0000
0000
0000
0000
0000
0000
0000
0000
0000
0000
0000
0000
0000
0000
0000
0000
0000
0000
0000
0000
0000
0000
0000
0000
0000
0000
0000
0000
0000
0000
0000
0000
0000
0000
0000
0000
0000
0000
0000
0000
0000
0000
0000
0000
0000
0000
0000
0000
0000
0000
0000
0000
0000
0000
0000
0000
0000
0000
0000
0000
0000
0000
0000
0000
0000
0000
0000
0000
0000
0000
0000
0000
0000
0000
0000
0000
0000
0000
0000
0000
0000
0000
0000
0000
0000
0000
0000
0000
0000
0000
0000
0000
0000
0000
0000
0000
0000
0000
0000
0000
0000
0000
0000
0000
0000
0000
0000
0000
0000
0000
0000
0000
0000
0000
0000
0000
0000
0000
0000
0000
0000
0000
0000
0000
0000
0000
0000
0000
0000
0000
0000
0000
0000
0000
0000
0000
0000
0000
0000
0000
0000
0000
0000
0000
0000
0000
0000
0000
0000
0000
0000
0000
0000
0000
0000
0000
0000
0000
0000
0000
0000
0000
0000
0000
0000
0000
0000
0000
0000
0000
0000
0000
0000
0000
0000
0000
0000
0000
0000
0000
0000
0000
0000
0000
0000
0000
0000
0000
0000
0000
0000
0000
0000
0000
0000
0000
0000
0000
0000
0000
0000
0000
0000
0000
0000
0000
0000
0000
0000
0000
0000
0000
0000
0000
0000
0000
0000
0000
0000
0000
0000
0000
0000
0000
0000
0000
0000
0000
0000
0000
0000
0000
0000
0000
0000
0000
0000
0000
0000
0000
0000
0000
0000
0000
0000
0000
0000
0000
0000
0000
0000
0000
0000
0000
0000
0000
0000
0000
0000
0000
0000
0000
0000
0000
0000
0000
0000
0000
0000
0000
0000
0000
0000
0000
0000
0000
0000
0240
0476
06A2
08C4
0ADB
0CE8
0EEA
10E1
12CD
14AE
1683
184D
1A0B
1BBE
1D65
1F00
2091
2216
238F
24FE
2661
27B9
2906
2A48
2B7F
2CAC
2DCE
2EE6
2FF3
30F7
31F0
32E0
33C6
34A2
3575
363E
36FF
37B6
3865
390B
39A9
3A3E
3ACB
3B51
3BCE
3C43
3CB1
3D18
3D77
3DCF
3E20
3E6A
3EAD
3EEA
3F21
3F51
3F7B
3F9F
3FBD
3FD6
3FE8
3FF6
3FFD
4000
3FFD
3FF6
3FE9
3FD8
3FC2
3FA8
3F89
3F66
3F3E
3F13
3EE3
3EAF
3E78
3E3D
3DFE
3DBC
3D76
3D2D
3CE1
3C91
3C3F
3BE9
3B91
3B35
3AD7
3A76
3A13
39AD
3945
38DA
386D
37FD
378C
3718
36A3
362B
35B2
3536
34B9
343A
33BA
3337
32B4
322E
31A8
3120
3096
300B
2F80
2EF2
2E64
2DD5
2D44
2CB3
2C20
2B8D
2AF8
2A63
29CD
2936
289F
2807
276E
26D5
263B
25A0
2505
2469
23CD
2331
2294
21F7
215A
20BC
201E
1F7F
1EE1
1E42
1DA3
1D04
1C65
1BC6
1B26
1A87
19E8
1948
18A9
1809
176A
16CB
162C
158D
14EE
144F
13B1
1313
1274
11D7
1139
109C
0FFE
0F62
0EC5
0E29
0D8D
0CF1
0C56
0BBB
0B21
0A87
09ED
0954
08BB
0822
078B
06F3
065C
05C5
052F
049A
0405
0370
02DC
0249
01B6
0123
0091
0000
0000
0000
0000
0000
0000
0000
0000
0000
0000
0000
0000
0000
0000
0000
0000
0000
0000
0000
0000
0000
0000
0000
0000
0000
0000
0000
0000
0000
0000
0000
0000
0000
0000
0000
0000
0000
0000
0000
0000
0000
0000
0000
0000
0000
0000
0000
0000
0000
0000
0000
0000
0000
0000
0000
0000
0000
0000
0000
0000
0000
0000
0000
0000
0000
0000
0000
0000
0000
0000
0000
0000
0000
0000
0000
0000
0000
0000
0000
0000
0000
0000
0000
0000
0000
0000
0000
0000
0000
0000
0000
0000
0000
0000
0000
0000
0000
0000
0000
0000
0000
0000
0000
0000
0000
0000
0000
0000
0000
0000
0000
0000
0000
0000
0000
0000
0000
0000
0000
0000
0000
0000
0000
0000
0000
0000
0000
0000
0000
0000
0000
0000
0000
0000
0000
0000
0000
0000
0000
0000
0000
0000
0000
0000
0000
0000
0000
0000
0000
0000
0000
0000
0000
0000
0000
0000
0000
0000
0000
0000
0000
0000
0000
0000
0000
0000
0000
0000
0000
0000
0000
0000
0000
0000
0000
0000
0000
0000
0000
0000
0000
0000
0000
0000
0000
0000
0000
0000
0000
0000
0000
0000
0000
0000
0000
0000
0000
0000
0000
0000
0000
0000
0000
0000
0000
0000
0000
0000
0000
0000
0000
0000
0000
0000
0000
0000
0000
0000
0000
0000
0000
0000
0000
0000
0000
0000
0000
0000
0000
0000
0000
0000
0000
0000
0000
0000
0000
0000
0000
0000
0000
0000
0000
0000
0000
0000
0000
0000
0000
0000
0000
0000
0000
0000
0000
0000
0000
0000
0000
0000
0000
0000
0000
0000
0000
0000
0000
0000
0000
0000
0000
0000
0000
0000
0000
0000
0000
0000
0000
0000
0000
0000
0000
0000
0000
0000
0000
0000
0000
0476
08C4
0CE8
10E1
14AE
184D
1BBE
1F00
2216
24FE
27B9
2A48
2CAC
2EE6
30F7
32E0
34A2
363E
37B6
390B
3A3E
3B51
3C43
3D18
3DCF
3E6A
3EEA
3F51
3F9F
3FD6
3FF6
4000
3FF6
3FD8
3FA8
3F66
3F13
3EAF
3E3D
3DBC
3D2D
3C91
3BE9
3B35
3A76
39AD
38DA
37FD
3718
362B
3536
343A
3337
322E
3120
300B
2EF2
2DD5
2CB3
2B8D
2A63
2936
2807
26D5
25A0
2469
2331
21F7
20BC
1F7F
1E42
1D04
1BC6
1A87
1948
1809
16CB
158D
144F
1313
11D7
109C
0F62
0E29
0CF1
0BBB
0A87
0954
0822
06F3
05C5
049A
0370
0249
0123
0000
0000
0000
0000
0000
0000
0000
0000
0000
0000
0000
0000
0000
0000
0000
0000
0000
0000
0000
0000
0000
0000
0000
0000
0000
0000
0000
0000
0000
0000
0000
0000
0000
0000
0000
0000
0000
0000
0000
0000
0000
0000
0000
0000
0000
0000
0000
0000
0000
0000
0000
0000
0000
0000
0000
0000
0000
0000
0000
0000
0000
0000
0000
0000
0000
0000
0000
0000
0000
0000
0000
0000
0000
0000
0000
0000
0000
0000
0000
0000
0000
0000
0000
0000
0000
0000
0000
0000
0000
0000
0000
0000
0000
0000
0000
0000
0000
0000
0000
0000
0000
0000
0000
0000
0000
0000
0000
0000
0000
0000
0000
0000
0000
0000
0000
0000
0000
0000
0000
0000
0000
0000
0000
0000
0000
0000
0000
0000
0000
0000
0000
0000
0000
0000
0000
0000
0000
0000
0000
0000
0000
0000
0000
0000
0000
08C4
10E1
184D
1F00
24FE
2A48
2EE6
32E0
363E
390B
3B51
3D18
3E6A
3F51
3FD6
4000
3FD8
3F66
3EAF
3DBC
3C91
3B35
39AD
37FD
362B
343A
322E
300B
2DD5
2B8D
2936
26D5
2469
21F7
1F7F
1D04
1A87
1809
158D
1313
109C
0E29
0BBB
0954
06F3
049A
0249
0000
0000
0000
0000
0000
0000
0000
0000
0000
0000
0000
0000
0000
0000
0000
0000
0000
0000
0000
0000
0000
0000
0000
0000
0000
0000
0000
0000
0000
0000
0000
0000
0000
0000
0000
0000
0000
0000
0000
0000
0000
0000
0000
0000
0000
0000
0000
0000
0000
0000
0000
0000
0000
0000
0000
0000
0000
0000
0000
0000
0000
0000
0000
0000
0000
0000
0000
0000
0000
0000
0000
0000
0000
10E1
1F00
2A48
32E0
390B
3D18
3F51
4000
3F66
3DBC
3B35
37FD
343A
300B
2B8D
26D5
21F7
1D04
1809
1313
0E29
0954
049A
0000
0000
0000
0000
0000
0000
0000
0000
0000
0000
0000
0000
0000
0000
0000
0000
0000
0000
0000
0000
0000
0000
0000
0000
0000
0000
0000
0000
0000
0000
0000
0000
0000
0000
0000
0000
0000
1F00
32E0
3D18
4000
3DBC
37FD
300B
26D5
1D04
1313
0954
0000
0000
0000
0000
0000
0000
0000
0000
0000
0000
0000
0000
0000
0000
0000
0000
4000
4000
4000
4000
4000
37FD
26D5
1313
0000
1313
26D5
37FD
4000
4000
4000
4000

