0.02294922 -0.00781250
-0.01269531 0.01757813
0.00000000 -0.01611328
0.00488281 0.00781250
-0.00195313 -0.00244141
-0.00097656 0.00244141
0.00146484 -0.00390625
0.00000000 0.00390625
-0.00048828 -0.00341797
0.00000000 0.00292969
0.00000000 -0.00292969
0.00000000 0.00244141
0.00000000 -0.00292969
0.00048828 0.00341797
-0.00146484 -0.00341797
0.00244141 0.00195313
-0.00195313 -0.00097656
0.00146484 0.00195313
-0.00341797 -0.00195313
0.00488281 -0.00048828
-0.00292969 0.00488281
-0.00195313 -0.00585938
0.00585938 0.00195313
-0.00488281 0.00341797
0.00097656 -0.00488281
0.00146484 0.00244141
-0.00097656 -0.00048828
0.00000000 0.00048828
0.00048828 -0.00048828
-0.00097656 0.00048828
0.00146484 -0.00146484
-0.00097656 0.00341797
-0.00195313 -0.00341797
0.00341797 0.00048828
-0.00097656 0.00244141
-0.00292969 -0.00097656
0.00341797 -0.00390625
0.00146484 0.00683594
-0.00634766 -0.00341797
0.00634766 -0.00195313
-0.00146484 0.00439453
-0.00146484 -0.00195313
0.00097656 -0.00048828
0.00146484 0.00048828
-0.00146484 0.00195313
-0.00048828 -0.00292969
0.00292969 0.00146484
-0.00292969 0.00048828
0.00195313 -0.00195313
-0.00097656 0.00244141
0.00048828 -0.00195313
-0.00048828 0.00195313
0.00000000 -0.00292969
0.00146484 0.00390625
-0.00341797 -0.00244141
0.00341797 -0.00048828
-0.00146484 0.00146484
0.00000000 0.00000000
-0.00097656 -0.00146484
0.00244141 0.00000000
-0.00097656 0.00146484
-0.00097656 -0.00048828
0.00048828 -0.00244141
0.00244141 0.00292969
-0.00439453 -0.00048828
0.00341797 -0.00195313
-0.00146484 0.00195313
0.00097656 -0.00146484
-0.00146484 0.00146484
0.00097656 -0.00195313
-0.00048828 0.00146484
0.00097656 -0.00146484
-0.00097656 0.00292969
-0.00195313 -0.00439453
0.00488281 0.00146484
-0.00439453 0.00341797
-0.00048828 -0.00537109
0.00488281 0.00244141
-0.00390625 0.00244141
0.00000000 -0.00341797
0.00195313 0.00097656
-0.00048828 0.00097656
-0.00146484 -0.00048828
0.00146484 -0.00048828
-0.00097656 0.00146484
0.00000000 -0.00146484
0.00048828 0.00146484
-0.00048828 -0.00048828
-0.00048828 0.00000000
0.00146484 -0.00146484
0.00000000 0.00292969
-0.00244141 -0.00195313
0.00292969 -0.00097656
0.00000000 0.00341797
-0.00341797 -0.00097656
0.00292969 -0.00292969
0.00048828 0.00390625
-0.00244141 -0.00146484
0.00097656 -0.00146484
0.00244141 0.00048828
-0.00244141 0.00292969
0.00000000 -0.00488281
0.00292969 0.00439453
-0.00439453 -0.00244141
0.00439453 0.00048828
-0.00341797 0.00146484
0.00097656 -0.00244141
0.00146484 0.00097656
-0.00195313 0.00292969
-0.00244141 -0.00585938
0.00781250 0.00341797
-0.00878906 0.00292969
0.00439453 -0.00732422
0.00146484 0.00585938
-0.00292969 -0.00146484
0.00000000 -0.00097656
0.00292969 -0.00097656
-0.00195313 0.00341797
-0.00097656 -0.00390625
0.00244141 0.00146484
-0.00146484 0.00048828
0.00000000 -0.00097656
0.00097656 0.00000000
-0.00097656 0.00097656
0.00048828 -0.00195313
0.00048828 0.00195313
-0.00097656 -0.00146484
0.00097656 0.00048828
-0.00048828 -0.00048828
0.00048828 0.00048828
-0.00048828 -0.00048828
0.00048828 0.00000000
-0.00048828 0.00000000
0.00000000 0.00000000
0.00048828 -0.00048828
0.00000000 0.00048828
0.00000000 -0.00097656
0.00048828 0.00048828
-0.00048828 -0.00048828
0.00048828 0.00048828
0.00000000 -0.00048828
0.00048828 0.00048828
-0.00048828 -0.00048828
0.00048828 0.00048828
-0.00048828 0.00000000
0.00048828 0.00000000
0.00000000 0.00000000
0.00000000 0.00048828
0.00000000 -0.00048828
0.00048828 0.00048828
-0.00048828 0.00048828
-0.00048828 -0.00048828
0.00146484 -0.00048828
-0.00097656 0.00146484
-0.00048828 -0.00195313
0.00097656 0.00048828
-0.00048828 0.00000000
0.00000000 0.00097656
-0.00048828 -0.00146484
0.00195313 0.00097656
-0.00146484 0.00048828
0.00048828 -0.00048828
-0.00048828 0.00000000
0.00097656 0.00000000
-0.00097656 0.00048828
0.00000000 -0.00097656
0.00000000 0.00000000
0.00048828 0.00000000
-0.00097656 0.00097656
0.00000000 -0.00146484
0.00048828 0.00097656
-0.00048828 0.00000000
-0.00048828 0.00000000
0.00048828 -0.00146484
0.00097656 0.00146484
-0.00195313 0.00000000
0.00097656 -0.00097656
0.00000000 0.00097656
-0.00048828 -0.00048828
0.00048828 0.00000000
0.00000000 0.00048828
0.00000000 -0.00048828
0.00048828 0.00000000
-0.00048828 0.00000000
0.00000000 -0.00048828
0.00000000 0.00000000
0.00000000 0.00048828
-0.00048828 -0.00048828
0.00048828 0.00000000
-0.00048828 0.00000000
0.00048828 -0.00048828
0.00000000 0.00097656
-0.00097656 -0.00097656
0.00097656 -0.00048828
-0.00048828 0.00097656
-0.00097656 -0.00097656
0.00097656 0.00000000
0.00000000 0.00048828
-0.00048828 0.00000000
-0.00048828 -0.00097656
0.00146484 0.00048828
-0.00146484 0.00048828
0.00097656 -0.00146484
0.00000000 0.00146484
-0.00048828 -0.00097656
0.00048828 0.00048828
0.00000000 0.00000000
-0.00048828 0.00000000
0.00097656 -0.00097656
-0.00048828 0.00146484
-0.00048828 -0.00146484
0.00097656 0.00097656
-0.00048828 -0.00097656
0.00048828 0.00097656
-0.00097656 -0.00097656
0.00146484 0.00048828
-0.00097656 0.00048828
0.00048828 -0.00048828
0.00000000 0.00000000
0.00048828 0.00048828
-0.00097656 0.00000000
0.00097656 -0.00048828
-0.00048828 0.00048828
0.00000000 0.00000000
0.00000000 -0.00048828
0.00048828 0.00048828
-0.00048828 0.00000000
0.00048828 -0.00048828
0.00000000 0.00000000
0.00000000 0.00048828
-0.00097656 -0.00048828
0.00097656 0.00000000
-0.00097656 0.00048828
0.00048828 -0.00097656
0.00000000 0.00048828
0.00000000 -0.00048828
-0.00048828 0.00048828
0.00048828 -0.00048828
-0.00048828 0.00048828
0.00048828 -0.00048828
-0.00048828 0.00048828
0.00048828 -0.00048828
-0.00048828 0.00048828
0.00000000 -0.00097656
0.00000000 0.00097656
-0.00048828 -0.00048828
0.00000000 0.00048828
0.00000000 -0.00048828
-0.00048828 0.00048828
0.00048828 -0.00097656
0.00000000 0.00146484
-0.00048828 -0.00195313
0.00146484 0.00146484
-0.00146484 -0.00097656
0.00195313 0.00048828
-0.00195313 0.00000000
0.00195313 -0.00097656
-0.00097656 0.00146484
0.00000000 -0.00146484
0.00048828 0.00048828
0.00000000 0.00000000
0.00000000 0.00048828
-0.00097656 0.00000000
0.00195313 -0.00195313
0.00000000 0.00439453
-0.00390625 -0.00439453
0.00634766 0.00097656
-0.00537109 0.00292969
0.00244141 -0.00439453
-0.00097656 0.00341797
0.00146484 -0.00244141
-0.00146484 0.00341797
0.00000000 -0.00439453
0.00195313 0.00292969
-0.00146484 -0.00097656
-0.00048828 0.00048828
0.00146484 -0.00292969
0.00048828 0.00488281
-0.00292969 -0.00390625
0.00390625 0.00195313
-0.00292969 -0.00097656
0.00341797 0.00097656
-0.00439453 0.00048828
0.00244141 -0.00341797
0.00195313 0.00390625
-0.00439453 0.00097656
0.00097656 -0.00585938
0.00488281 0.00537109
-0.00781250 0.00048828
0.00439453 -0.00537109
0.00097656 0.00537109
-0.00390625 -0.00195313
0.00292969 -0.00146484
-0.00097656 0.00341797
-0.00146484 -0.00341797
0.00341797 0.00195313
-0.00390625 0.00000000
0.00292969 -0.00146484
-0.00195313 0.00146484
0.00146484 -0.00097656
-0.00244141 0.00097656
0.00244141 -0.00244141
-0.00048828 0.00341797
-0.00146484 -0.00195313
0.00097656 -0.00097656
0.00244141 0.00195313
-0.00537109 0.00146484
0.00390625 -0.00634766
0.00097656 0.00830078
-0.00537109 -0.00537109
0.00585938 0.00097656
-0.00390625 0.00097656
0.00244141 -0.00195313
-0.00097656 0.00195313
-0.00097656 -0.00146484
0.00195313 -0.00195313
0.00195313 0.00439453
-0.00634766 -0.00146484
0.00585938 -0.00488281
0.00048828 0.00732422
-0.00537109 -0.00244141
0.00292969 -0.00341797
0.00292969 0.00292969
-0.00390625 0.00195313
0.00000000 -0.00390625
0.00292969 0.00097656
-0.00048828 0.00146484
-0.00195313 0.00048828
0.00048828 -0.00292969
0.00244141 0.00244141
-0.00244141 0.00000000
0.00048828 -0.00048828
0.00048828 -0.00146484
0.00195313 0.00244141
-0.00439453 -0.00048828
0.00341797 -0.00292969
-0.00097656 0.00390625
-0.00195313 -0.00292969
0.00292969 0.00048828
-0.00195313 0.00146484
0.00000000 -0.00195313
0.00146484 0.00048828
-0.00048828 0.00048828
0.00000000 0.00000000
-0.00048828 -0.00097656
0.00244141 0.00000000
-0.00195313 0.00195313
-0.00048828 -0.00341797
0.00244141 0.00195313
-0.00244141 0.00048828
0.00048828 -0.00097656
-0.00048828 0.00000000
0.00097656 0.00000000
-0.00146484 0.00097656
0.00000000 -0.00146484
0.00048828 0.00097656
-0.00048828 -0.00048828
0.00000000 0.00048828
0.00000000 -0.00048828
0.00048828 0.00048828
0.00048828 -0.00048828
0.00000000 0.00195313
-0.00244141 -0.00195313
0.00390625 -0.00097656
-0.00146484 0.00390625
-0.00341797 -0.00244141
0.00341797 -0.00341797
0.00390625 0.00537109
-0.00927734 0.00195313
0.00341797 -0.01171875
0.01025391 0.01025391
-0.01660156 0.00390625
0.00585938 -0.01757813
0.01220703 0.01562500
-0.01904297 0.00097656
0.00976563 -0.01464844
0.00537109 0.01318359
-0.01074219 -0.00244141
0.00488281 -0.00585938
0.00195313 0.00488281
-0.00390625 0.00000000
0.00097656 -0.00244141
0.00097656 0.00146484
-0.00097656 -0.00048828
0.00097656 0.00000000
-0.00048828 0.00048828
0.00000000 -0.00097656
0.00097656 0.00048828
-0.00048828 0.00000000
0.00000000 0.00048828
-0.00146484 -0.00097656
0.00292969 0.00000000
-0.00244141 0.00292969
-0.00097656 -0.00390625
0.00390625 0.00097656
-0.00244141 0.00244141
-0.00146484 -0.00292969
0.00341797 0.00000000
-0.00195313 0.00292969
-0.00097656 -0.00244141
0.00146484 0.00048828
-0.00048828 0.00048828
0.00000000 0.00000000
0.00000000 -0.00048828
-0.00048828 0.00048828
0.00048828 -0.00146484
0.00097656 0.00244141
-0.00292969 -0.00146484
0.00292969 -0.00146484
0.00000000 0.00244141
-0.00146484 0.00000000
0.00000000 -0.00195313
0.00292969 0.00048828
-0.00292969 0.00292969
-0.00048828 -0.00439453
0.00390625 0.00292969
-0.00439453 0.00048828
0.00292969 -0.00292969
-0.00048828 0.00439453
-0.00292969 -0.00390625
0.00537109 0.00048828
-0.00390625 0.00390625
0.00000000 -0.00488281
0.00292969 0.00195313
-0.00146484 0.00097656
-0.00097656 0.00000000
0.00097656 -0.00195313
0.00097656 0.00244141
-0.00195313 -0.00097656
0.00048828 0.00048828
-0.00048828 -0.00244141
0.00341797 0.00292969
-0.00537109 0.00000000
0.00390625 -0.00390625
0.00000000 0.00439453
-0.00244141 -0.00195313
0.00195313 -0.00097656
0.00048828 0.00195313
-0.00195313 -0.00097656
0.00244141 0.00048828
-0.00341797 0.00048828
0.00439453 -0.00292969
-0.00195313 0.00537109
-0.00146484 -0.00537109
0.00341797 0.00244141
-0.00195313 0.00000000
0.00000000 0.00195313
-0.00292969 -0.00390625
0.00732422 0.00097656
-0.00683594 0.00634766
-0.00048828 -0.00976563
0.00732422 0.00488281
-0.00585938 0.00292969
-0.00097656 -0.00390625
0.00390625 -0.00195313
0.00146484 0.00683594
-0.00781250 -0.00341797
0.00781250 -0.00390625
-0.00146484 0.00732422
-0.00390625 -0.00439453
0.00439453 -0.00195313
0.00048828 0.00488281
-0.00488281 -0.00292969
0.00585938 -0.00195313
-0.00244141 0.00439453
-0.00048828 -0.00292969
0.00000000 0.00000000
0.00292969 -0.00097656
-0.00244141 0.00488281
-0.00244141 -0.00537109
0.00488281 0.00048828
-0.00048828 0.00439453
-0.00537109 -0.00146484
0.00488281 -0.00537109
0.00195313 0.00781250
-0.00683594 -0.00195313
0.00341797 -0.00439453
0.00292969 0.00439453
-0.00585938 0.00048828
0.00390625 -0.00439453
-0.00048828 0.00537109
-0.00146484 -0.00439453
0.00244141 0.00244141
-0.00195313 -0.00048828
-0.00048828 0.00000000
0.00146484 -0.00244141
0.00048828 0.00488281
-0.00390625 -0.00390625
0.00488281 0.00000000
-0.00146484 0.00244141
-0.00146484 -0.00048828
0.00146484 -0.00244141
0.00097656 0.00341797
-0.00244141 -0.00244141
0.00244141 0.00146484
-0.00244141 -0.00097656
0.00244141 0.00048828
-0.00195313 0.00097656
0.00000000 -0.00146484
0.00146484 -0.00048828
-0.00048828 0.00244141
-0.00146484 -0.00244141
0.00146484 0.00048828
0.00000000 0.00000000
-0.00146484 0.00195313
0.00048828 -0.00390625
0.00097656 0.00390625
0.00000000 -0.00341797
-0.00195313 0.00683594
-0.00146484 -0.01318359
0.01171875 0.01513672
-0.02246094 -0.00732422
